<?xml version="1.0" encoding="UTF-8"?>
<document version="1.3.0">
  <chunk>
    <sensors>
      <sensor id="0" label="unknown" type="frame">
        <resolution width="1920" height="1080"/>
        <property name="fixed" value="false"/>
        <calibration type="frame" class="adjusted">
          <resolution width="1920" height="1080"/>
          <fx>1160.4437422820197</fx>
          <fy>1160.4437422820197</fy>
          <cx>960</cx>
          <cy>540</cy>
          <k1>-0.09121042086529621</k1>
          <k2>0.10261608371573111</k2>
          <p1>-0.0022600385214926019</p1>
          <p2>-0.0081486746027923228</p2>
        </calibration>
      </sensor>
    </sensors>
    <cameras>
      <camera id="0" label="out01.png" sensor_id="0" enabled="false"/>
      <camera id="1" label="out02.png" sensor_id="0" enabled="true">
        <transform>3.0556947583099547e-01 8.8678533536673754e-01 3.4675504959390829e-01 4.7092490572078631e+00 8.6006944156617349e-01 -1.0080478085181654e-01 -5.0011893769529270e-01 6.9492102603611769e+00 -4.0854357310380179e-01 4.5105450350918830e-01 -7.9349983222408960e-01 2.3441524047804378e+00 0.0000000000000000e+00 0.0000000000000000e+00 0.0000000000000000e+00 1.0000000000000000e+00</transform>
      </camera>
      <camera id="2" label="out03.png" sensor_id="0" enabled="true">
        <transform>3.3741589166264330e-01 8.6414962492721115e-01 3.7335765934511517e-01 3.8928360189055078e+00 8.4515829628232497e-01 -1.0342618843194928e-01 -5.2441441415315437e-01 6.9954471613083680e+00 -4.1455755966893232e-01 4.9249208042830372e-01 -7.6524086432752703e-01 1.9832129786430841e+00 0.0000000000000000e+00 0.0000000000000000e+00 0.0000000000000000e+00 1.0000000000000000e+00</transform>
      </camera>
      <camera id="3" label="out04.png" sensor_id="0" enabled="true">
        <transform>3.3219499947955644e-01 8.4901102568264875e-01 4.1088533752139900e-01 3.0958978249627256e+00 8.6290644939667549e-01 -9.7668289380765771e-02 -4.9583602616092493e-01 7.0688007813084885e+00 -3.8083978509394201e-01 5.1926985616221888e-01 -7.6506200701045690e-01 1.5878310896860113e+00 0.0000000000000000e+00 0.0000000000000000e+00 0.0000000000000000e+00 1.0000000000000000e+00</transform>
      </camera>
      <camera id="4" label="out05.png" sensor_id="0" enabled="true">
        <transform>3.4853925227596316e-01 8.3916699791500726e-01 4.1751543592210599e-01 2.2850376800101375e+00 8.4224418055961869e-01 -8.4948684994368806e-02 -5.3236121311679307e-01 7.1116645495691921e+00 -4.1127257377117726e-01 5.3719872535965807e-01 -7.3639147166136443e-01 1.1468374560395487e+00 0.0000000000000000e+00 0.0000000000000000e+00 0.0000000000000000e+00 1.0000000000000000e+00</transform>
      </camera>
      <camera id="5" label="out06.png" sensor_id="0" enabled="true">
        <transform>3.4457973880156245e-01 8.4804688057730182e-01 4.0259320902190343e-01 1.4741132391126670e+00 8.2769069040151666e-01 -7.2105768454697294e-02 -5.5653290933979627e-01 7.1397381585667858e+00 -4.4293670499305782e-01 5.2499261566108213e-01 -7.2676669493808543e-01 6.8314030851003982e-01 0.0000000000000000e+00 0.0000000000000000e+00 0.0000000000000000e+00 1.0000000000000000e+00</transform>
      </camera>
      <camera id="6" label="out07.png" sensor_id="0" enabled="true">
        <transform>3.1205155859609335e-01 8.6306428478661468e-01 3.9716981897359516e-01 6.4405008650413642e-01 8.4400999874323579e-01 -5.9895976862465394e-02 -5.3297241389881922e-01 7.1792174524967525e+00 -4.3620058092486791e-01 5.0153017085860396e-01 -7.4712551885165013e-01 2.1056772742265811e-01 0.0000000000000000e+00 0.0000000000000000e+00 0.0000000000000000e+00 1.0000000000000000e+00</transform>
      </camera>
      <camera id="7" label="out08.png" sensor_id="0" enabled="true">
        <transform>2.8352133253861822e-01 8.7912264867099732e-01 3.8309140239532447e-01 -1.8676530583211731e-01 8.6044918937402826e-01 -5.6846860477649197e-02 -5.0635523791051318e-01 7.2080298686124680e+00 -4.2337081441816937e-01 4.7319319843751428e-01 -7.7255766804256842e-01 -2.3665074461348554e-01 0.0000000000000000e+00 0.0000000000000000e+00 0.0000000000000000e+00 1.0000000000000000e+00</transform>
      </camera>
      <camera id="8" label="out09.png" sensor_id="0" enabled="true">
        <transform>2.7362706161542416e-01 8.8861974940478161e-01 3.6808038812125160e-01 -1.0244924136176272e+00 8.6085661045550821e-01 -5.5565832734607024e-02 -5.0580464061489439e-01 7.2274542853630210e+00 -4.2901529971174862e-01 4.5526627285610799e-01 -7.8017850099380859e-01 -6.5560644311326099e-01 0.0000000000000000e+00 0.0000000000000000e+00 0.0000000000000000e+00 1.0000000000000000e+00</transform>
      </camera>
      <camera id="9" label="out10.png" sensor_id="0" enabled="true">
        <transform>2.6949672697523308e-01 8.9124365904168346e-01 3.6476876835555433e-01 -1.8655967222671412e+00 8.6853602126466622e-01 -6.1339714292823588e-02 -4.9181563539218448e-01 7.2485854486155459e+00 -4.1595275442696616e-01 4.4935751876258417e-01 -7.9060807383693843e-01 -1.0522401160220938e+00 0.0000000000000000e+00 0.0000000000000000e+00 0.0000000000000000e+00 1.0000000000000000e+00</transform>
      </camera>
      <camera id="10" label="out11.png" sensor_id="0" enabled="true">
        <transform>2.7055508598999700e-01 8.8938986990094793e-01 3.6849098328523583e-01 -2.7102584777736238e+00 8.7476629882534573e-01 -6.7296022919203113e-02 -4.7984910934445213e-01 7.2737526823999135e+00 -4.0197495927526522e-01 4.5216911063984988e-01 -7.9621556597369791e-01 -1.4414602787245971e+00 0.0000000000000000e+00 0.0000000000000000e+00 0.0000000000000000e+00 1.0000000000000000e+00</transform>
      </camera>
      <camera id="11" label="out12.png" sensor_id="0" enabled="true">
        <transform>2.8766720742069762e-01 8.8289892001123327e-01 3.7112945829962823e-01 -3.5417354472199336e+00 8.6888428309559262e-01 -7.7591764989394796e-02 -4.8889632908755692e-01 7.2943748491151501e+00 -4.0284945123983423e-01 4.6310799501717587e-01 -7.8945760151317546e-01 -1.8236475503259471e+00 0.0000000000000000e+00 0.0000000000000000e+00 0.0000000000000000e+00 1.0000000000000000e+00</transform>
      </camera>
      <camera id="12" label="out13.png" sensor_id="0" enabled="true">
        <transform>3.0912586467097591e-01 8.7425839191185262e-01 3.7431733056742472e-01 -4.3565993878848621e+00 8.6211646421248045e-01 -9.1444709452864092e-02 -4.9839047668153930e-01 7.3236146009946470e+00 -4.0149271715087448e-01 4.7677052057020325e-01 -7.8198047852233843e-01 -2.2064891304357892e+00 0.0000000000000000e+00 0.0000000000000000e+00 0.0000000000000000e+00 1.0000000000000000e+00</transform>
      </camera>
      <camera id="13" label="out14.png" sensor_id="0" enabled="true">
        <transform>1.4337657802799020e-01 -9.2012415800770131e-01 3.6443749906342321e-01 -3.2136152973958718e+00 -9.5266647274542438e-01 -2.8566703952369488e-02 3.0267232303613367e-01 3.1858559702583440e+00 -2.6808533824097064e-01 -3.9058350870961844e-01 -8.8066723235527955e-01 -3.4067425589747513e-01 0.0000000000000000e+00 0.0000000000000000e+00 0.0000000000000000e+00 1.0000000000000000e+00</transform>
      </camera>
      <camera id="14" label="out15.png" sensor_id="0" enabled="true">
        <transform>1.2299441408248390e-01 -9.2773003005621613e-01 3.5240511550827186e-01 -2.4210148183542834e+00 -9.5457254015476911e-01 -1.3479561419370123e-02 2.9767359138226035e-01 3.2752856334426639e+00 -2.7141046348101233e-01 -3.7300843523415583e-01 -8.8724352212748703e-01 1.8027533213735684e-02 0.0000000000000000e+00 0.0000000000000000e+00 0.0000000000000000e+00 1.0000000000000000e+00</transform>
      </camera>
      <camera id="15" label="out16.png" sensor_id="0" enabled="true">
        <transform>1.0845772838164702e-01 -9.2895911750028648e-01 3.5393767695369965e-01 -1.6049940829807483e+00 -9.5808646999111136e-01 -2.7134216329138816e-03 2.8646632151618295e-01 3.3492647562666273e+00 -2.6515511907987727e-01 -3.7017238599891628e-01 -8.9031745319835520e-01 3.6451193753110073e-01 0.0000000000000000e+00 0.0000000000000000e+00 0.0000000000000000e+00 1.0000000000000000e+00</transform>
      </camera>
      <camera id="16" label="out17.png" sensor_id="0" enabled="true">
        <transform>1.1559408227146273e-01 -9.2665589292648687e-01 3.5769660922132540e-01 -7.9706947361621716e-01 -9.5569099823904835e-01 -5.6067790814970930e-03 2.9431833091600379e-01 3.4191392509380019e+00 -2.7072628987349812e-01 -3.7586888689135545e-01 -8.8624480581743559e-01 7.0535346173397262e-01 0.0000000000000000e+00 0.0000000000000000e+00 0.0000000000000000e+00 1.0000000000000000e+00</transform>
      </camera>
      <camera id="17" label="out18.png" sensor_id="0" enabled="true">
        <transform>1.2261306884831569e-01 -9.2393302092903595e-01 3.6237247161524816e-01 -1.0416020744412240e-02 -9.5717468099907155e-01 -1.3601798392176567e-02 2.8919132271702824e-01 3.4928343228047298e+00 -2.6226449512262234e-01 -3.8231239048380866e-01 -8.8603305281497924e-01 1.0452033236066702e+00 0.0000000000000000e+00 0.0000000000000000e+00 0.0000000000000000e+00 1.0000000000000000e+00</transform>
      </camera>
      <camera id="18" label="out19.png" sensor_id="0" enabled="true">
        <transform>1.2375440960784234e-01 -9.2275882359095207e-01 3.6496712124197811e-01 7.9032655087669301e-01 -9.5565157037613702e-01 -1.1779238330902553e-02 2.9426404058594591e-01 3.5627223482656847e+00 -2.6723570521215495e-01 -3.8519787516208626e-01 -8.8329365152840089e-01 1.3939548226877505e+00 0.0000000000000000e+00 0.0000000000000000e+00 0.0000000000000000e+00 1.0000000000000000e+00</transform>
      </camera>
      <camera id="19" label="out20.png" sensor_id="0" enabled="true">
        <transform>1.1709350769735682e-01 -9.2175214659840266e-01 3.6967836114163610e-01 1.5692395622509030e+00 -9.6122801347849673e-01 -1.1612018203957186e-02 2.7551019425316009e-01 3.6295191338074977e+00 -2.4965940110340745e-01 -3.8760565175764378e-01 -8.8737367673726952e-01 1.7447905081482011e+00 0.0000000000000000e+00 0.0000000000000000e+00 0.0000000000000000e+00 1.0000000000000000e+00</transform>
      </camera>
      <camera id="20" label="out21.png" sensor_id="0" enabled="true">
        <transform>1.1383490386787032e-01 -9.2443214054616707e-01 3.6395993211701810e-01 2.3515616972602511e+00 -9.5544988765715910e-01 -1.4504499109965208e-03 2.9514980665922502e-01 3.7088967987278547e+00 -2.7231806190062929e-01 -3.8134382612058554e-01 -8.8341369665768577e-01 2.0925915478847847e+00 0.0000000000000000e+00 0.0000000000000000e+00 0.0000000000000000e+00 1.0000000000000000e+00</transform>
      </camera>
      <camera id="21" label="out22.png" sensor_id="0" enabled="true">
        <transform>9.1695710911856687e-02 -9.3779732156801843e-01 3.3485531242645683e-01 3.1264822736734059e+00 -9.5909025772402146e-01 7.2744218994414966e-03 2.8300699695396075e-01 3.7702552410255485e+00 -2.6783908254629207e-01 -3.4710699567407127e-01 -8.9876524154802562e-01 2.4454832494606453e+00 0.0000000000000000e+00 0.0000000000000000e+00 0.0000000000000000e+00 1.0000000000000000e+00</transform>
      </camera>
      <camera id="22" label="out23.png" sensor_id="0" enabled="true">
        <transform>6.5319579238794057e-02 -9.5236823270566373e-01 2.9787262697528621e-01 3.9075716247454495e+00 -9.5846285811843579e-01 2.3175003670902861e-02 2.8427428447239722e-01 3.8268093392168194e+00 -2.7763699713025763e-01 -3.0406852605612555e-01 -9.1129579681163275e-01 2.7670921035403908e+00 0.0000000000000000e+00 0.0000000000000000e+00 0.0000000000000000e+00 1.0000000000000000e+00</transform>
      </camera>
      <camera id="23" label="out24.png" sensor_id="0" enabled="true">
        <transform>4.5830326647387509e-02 -9.6190430888048217e-01 2.6951749797843555e-01 4.6988869668702602e+00 -9.5245126420505177e-01 3.9279532369212000e-02 3.0214848609757222e-01 3.8797008735322920e+00 -3.0122445198488207e-01 -2.7054984548880873e-01 -9.1436678123846404e-01 3.0526934634718059e+00 0.0000000000000000e+00 0.0000000000000000e+00 0.0000000000000000e+00 1.0000000000000000e+00</transform>
      </camera>
      <camera id="24" label="out25.png" sensor_id="0" enabled="true">
        <transform>-6.6185694868516398e-01 6.6712402524507497e-02 7.4665576728943328e-01 -7.0044344157516987e+00 -2.5905574398219035e-02 9.9340176059388063e-01 -1.1172216997568445e-01 8.5046349145035993e+00 -7.4918240815722748e-01 -9.3286641049967464e-02 -6.5576163497825324e-01 -1.2119880458717023e+00 0.0000000000000000e+00 0.0000000000000000e+00 0.0000000000000000e+00 1.0000000000000000e+00</transform>
      </camera>
      <camera id="25" label="out26.png" sensor_id="0" enabled="true">
        <transform>-6.4810565003881504e-01 7.8050943180682508e-02 7.5754017494544201e-01 -7.0556542321284326e+00 -1.0918719967965840e-02 9.9367948393885475e-01 -1.1172226614812490e-01 7.5936992628305076e+00 -7.6147215834988091e-01 -8.0679200960453126e-02 -6.4315707147660028e-01 -1.1039918685572008e+00 0.0000000000000000e+00 0.0000000000000000e+00 0.0000000000000000e+00 1.0000000000000000e+00</transform>
      </camera>
      <camera id="26" label="out27.png" sensor_id="0" enabled="true">
        <transform>-6.6693641778048407e-01 7.5722540203809946e-02 7.4125698077199786e-01 -7.1151156500202504e+00 9.2910987230115857e-03 9.9559054210462750e-01 -9.3344244366398862e-02 6.6959263413355394e+00 -7.4505670262246138e-01 -5.5367584170678066e-02 -6.6469913532398106e-01 -9.7569742491663147e-01 0.0000000000000000e+00 0.0000000000000000e+00 0.0000000000000000e+00 1.0000000000000000e+00</transform>
      </camera>
      <camera id="27" label="out28.png" sensor_id="0" enabled="true">
        <transform>-6.2464816014146773e-01 5.6289482387331544e-02 7.7887493874462654e-01 -7.1356662549028025e+00 7.7848546172623947e-02 9.9691884077471926e-01 -9.6139881006301678e-03 5.9044036670306523e+00 -7.7701626745563579e-01 5.4628921652880101e-02 -6.2710557406895640e-01 -8.4109336926854550e-01 0.0000000000000000e+00 0.0000000000000000e+00 0.0000000000000000e+00 1.0000000000000000e+00</transform>
      </camera>
      <camera id="28" label="out29.png" sensor_id="0" enabled="true">
        <transform>-6.0828053508930102e-01 3.6106709322741168e-02 7.9290043269842947e-01 -7.1618183364651937e+00 1.5809461587528251e-01 9.8445970148739936e-01 7.6453832988198800e-02 5.1761030564735204e+00 -7.7781802695921143e-01 1.7185866777449313e-01 -6.0453595033550800e-01 -7.9612012535903975e-01 0.0000000000000000e+00 0.0000000000000000e+00 0.0000000000000000e+00 1.0000000000000000e+00</transform>
      </camera>
      <camera id="29" label="out30.png" sensor_id="0" enabled="true">
        <transform>-6.2244881173438349e-01 1.6369997171719886e-02 7.8248929702779424e-01 -7.1855881238461548e+00 2.0526830432756776e-01 9.6819795503090067e-01 1.4303021748031666e-01 4.4565766226262156e+00 -7.5526313296025427e-01 2.4964924006809944e-01 -6.0601390819393031e-01 -8.4377944123197346e-01 0.0000000000000000e+00 0.0000000000000000e+00 0.0000000000000000e+00 1.0000000000000000e+00</transform>
      </camera>
      <camera id="30" label="out31.png" sensor_id="0" enabled="true">
        <transform>-6.2355128023642370e-01 1.0954935507129962e-02 7.8170569289442404e-01 -7.1766294560214785e+00 2.4177808859124233e-01 9.5358473043305503e-01 1.7949796032847526e-01 3.7117824656091778e+00 -7.4345622385765420e-01 3.0092549123155404e-01 -5.9725764284299077e-01 -9.8422939012278898e-01 0.0000000000000000e+00 0.0000000000000000e+00 0.0000000000000000e+00 1.0000000000000000e+00</transform>
      </camera>
      <camera id="31" label="out32.png" sensor_id="0" enabled="true">
        <transform>-6.0243111718149722e-01 7.8887392423552527e-03 7.9813189188543210e-01 -7.1352908959547818e+00 2.6550076904379882e-01 9.4498962165449485e-01 1.9106008636668725e-01 2.9461727059220197e+00 -7.5271913134223212e-01 3.2700517237264115e-01 -5.7138561983386904e-01 -1.1678453057991445e+00 0.0000000000000000e+00 0.0000000000000000e+00 0.0000000000000000e+00 1.0000000000000000e+00</transform>
      </camera>
      <camera id="32" label="out33.png" sensor_id="0" enabled="true">
        <transform>-6.0622414948350523e-01 2.3587910237185261e-03 7.9529033483873501e-01 -7.0965877030039062e+00 2.7165798225853877e-01 9.4046204893103047e-01 2.0428674747929088e-01 2.1515562758802220e+00 -7.4745850805126324e-01 3.3989052741339310e-01 -5.7077159014480161e-01 -1.3906292009272678e+00 0.0000000000000000e+00 0.0000000000000000e+00 0.0000000000000000e+00 1.0000000000000000e+00</transform>
      </camera>
      <camera id="33" label="out34.png" sensor_id="0" enabled="true">
        <transform>-5.9287783835604124e-01 1.7958228715333840e-02 8.0509215050680727e-01 -7.0493802841386568e+00 2.8905647179090610e-01 9.3787197078530971e-01 1.9194406094243294e-01 1.3335528231053628e+00 -7.5162638651264835e-01 3.4651647642888078e-01 -5.6123444892598318e-01 -1.6405446461665047e+00 0.0000000000000000e+00 0.0000000000000000e+00 0.0000000000000000e+00 1.0000000000000000e+00</transform>
      </camera>
      <camera id="34" label="out35.png" sensor_id="0" enabled="true">
        <transform>-5.9446863449595833e-01 4.2996112779704887e-02 8.0296847813992400e-01 -7.0350690640499849e+00 2.9401001117159298e-01 9.4105074179543657e-01 1.6727705968583589e-01 4.9253246007178431e-01 -7.4844181866821846e-01 3.3552173648229383e-01 -5.7206643706523785e-01 -1.9122837702245181e+00 0.0000000000000000e+00 0.0000000000000000e+00 0.0000000000000000e+00 1.0000000000000000e+00</transform>
      </camera>
      <camera id="35" label="out36.png" sensor_id="0" enabled="true">
        <transform>-6.0865199372397338e-01 6.4395173104130066e-02 7.9081983549777091e-01 -7.0505098305984877e+00 2.7015486974995229e-01 9.5396691812225232e-01 1.3024386925578474e-01 -3.7496809356903082e-01 -7.4602888475327722e-01 2.9291702034743688e-01 -5.9803053626429536e-01 -2.1984601282805940e+00 0.0000000000000000e+00 0.0000000000000000e+00 0.0000000000000000e+00 1.0000000000000000e+00</transform>
      </camera>
      <camera id="36" label="out37.png" sensor_id="0" enabled="true">
        <transform>-5.7122787611899561e-01 1.0484768508326223e-01 8.1406736605594421e-01 -7.0686411649981604e+00 2.3245104281236542e-01 9.7186788718054640e-01 3.7938404851361573e-02 -1.2531615814332564e+00 -7.8718817714700562e-01 2.1090228258580565e-01 -5.7952998279646561e-01 -2.4357401854480689e+00 0.0000000000000000e+00 0.0000000000000000e+00 0.0000000000000000e+00 1.0000000000000000e+00</transform>
      </camera>
      <camera id="37" label="out38.png" sensor_id="0" enabled="true">
        <transform>-5.8777162630496937e-01 1.3183707780469964e-01 7.9821269109600668e-01 -7.1493270125652675e+00 1.7383854291418413e-01 9.8416815479025044e-01 -3.4542786428232067e-02 -2.1566487953411673e+00 -7.9012953134804731e-01 1.1845686139971238e-01 -6.0138448240625941e-01 -2.6176340315954261e+00 0.0000000000000000e+00 0.0000000000000000e+00 0.0000000000000000e+00 1.0000000000000000e+00</transform>
      </camera>
      <camera id="38" label="out39.png" sensor_id="0" enabled="true">
        <transform>-6.1489830642677901e-01 1.4944635961908573e-01 7.7431638130035829e-01 -7.2588220087678428e+00 1.0646505823748607e-01 9.8862200938692091e-01 -1.0626247658630580e-01 -3.0558146507705426e+00 -7.8138675707230132e-01 1.7097021739747420e-02 -6.2381281464848326e-01 -2.7248339892393836e+00 0.0000000000000000e+00 0.0000000000000000e+00 0.0000000000000000e+00 1.0000000000000000e+00</transform>
      </camera>
      <camera id="39" label="out40.png" sensor_id="0" enabled="true">
        <transform>9.9859365313892690e-01 4.2136323365303027e-02 3.2175241473940387e-02 -1.4691701812854571e-01 4.6464841217329730e-02 -9.8782974680236169e-01 -1.4843655164086242e-01 -3.4428245143369987e+00 2.5529090099337497e-02 1.4972281584860972e-01 -9.8839837311332279e-01 7.9901470412994091e-01 0.0000000000000000e+00 0.0000000000000000e+00 0.0000000000000000e+00 1.0000000000000000e+00</transform>
      </camera>
      <camera id="40" label="out41.png" sensor_id="0" enabled="true">
        <transform>9.9944042696747581e-01 2.9822935860009316e-02 1.5146796353019921e-02 -2.1992757540656285e-01 3.1909252860197683e-02 -9.8588564793225286e-01 -1.6435111433484639e-01 -2.5585925691130180e+00 1.0031576395265749e-02 1.6474247083824972e-01 -9.8628560051190772e-01 6.7525793305527426e-01 0.0000000000000000e+00 0.0000000000000000e+00 0.0000000000000000e+00 1.0000000000000000e+00</transform>
      </camera>
      <camera id="41" label="out42.png" sensor_id="0" enabled="true">
        <transform>9.9896694632028804e-01 2.2548308379939933e-02 -3.9453947188105909e-02 -2.9528658844835892e-01 1.6203216726447301e-02 -9.8788734448550530e-01 -1.5432449699607761e-01 -1.6684356356682164e+00 -4.2455811465975990e-02 1.5352579064958341e-01 -9.8723215895663863e-01 5.2604590647952465e-01 0.0000000000000000e+00 0.0000000000000000e+00 0.0000000000000000e+00 1.0000000000000000e+00</transform>
      </camera>
      <camera id="42" label="out43.png" sensor_id="0" enabled="true">
        <transform>9.9900952391304687e-01 2.5745854848331137e-02 3.6292176693558172e-02 -3.2510476290499557e-01 3.0201454068153732e-02 -9.9129889380526715e-01 -1.2811859862105482e-01 -7.6369043979428486e-01 3.2677871766640242e-02 1.2908777672027053e-01 -9.9109459820857693e-01 4.0404872624769750e-01 0.0000000000000000e+00 0.0000000000000000e+00 0.0000000000000000e+00 1.0000000000000000e+00</transform>
      </camera>
      <camera id="43" label="out44.png" sensor_id="0" enabled="true">
        <transform>9.9963882171364116e-01 2.2350330656807374e-02 1.4922762562434062e-02 -3.9191672414472456e-01 2.3984789733680081e-02 -9.9245393317334696e-01 -1.2024940910534611e-01 1.2091694438608062e-01 1.2122540344109469e-02 1.2056389695213539e-01 -9.9263154834375489e-01 2.9738906479116672e-01 0.0000000000000000e+00 0.0000000000000000e+00 0.0000000000000000e+00 1.0000000000000000e+00</transform>
      </camera>
      <camera id="44" label="out45.png" sensor_id="0" enabled="true">
        <transform>9.9922026223593441e-01 1.1665658003962156e-02 3.7719755572972302e-02 -4.5295287292819386e-01 1.6215180586900649e-02 -9.9231692554282958e-01 -1.2265474797071987e-01 1.0171941634391801e+00 3.5999103540010291e-02 1.2317074208009468e-01 -9.9173233931326177e-01 2.0128293564742700e-01 0.0000000000000000e+00 0.0000000000000000e+00 0.0000000000000000e+00 1.0000000000000000e+00</transform>
      </camera>
      <camera id="45" label="out46.png" sensor_id="0" enabled="true">
        <transform>9.9996771418407115e-01 -2.0748574709810409e-03 7.7630893308619029e-03 -5.1655666783514509e-01 -1.0189390888869978e-03 -9.9103144322706604e-01 -1.3362499877796694e-01 1.9178553357141415e+00 7.9707184504890071e-03 1.3361277447068318e-01 -9.9100156112169135e-01 9.0994117721164669e-02 0.0000000000000000e+00 0.0000000000000000e+00 0.0000000000000000e+00 1.0000000000000000e+00</transform>
      </camera>
      <camera id="46" label="out47.png" sensor_id="0" enabled="true">
        <transform>9.9935875497901017e-01 -1.1809059855550219e-02 3.3802735867527030e-02 -5.6337864600294751e-01 -6.8793844205480865e-03 -9.8978548518160847e-01 -1.4239862146032964e-01 2.8165674872938928e+00 3.5139051165278871e-02 1.4207476703882346e-01 -9.8923202922977982e-01 -2.0261607638574416e-02 0.0000000000000000e+00 0.0000000000000000e+00 0.0000000000000000e+00 1.0000000000000000e+00</transform>
      </camera>
      <camera id="47" label="out48.png" sensor_id="0" enabled="true">
        <transform>9.9905315942562145e-01 -4.2118496414071657e-02 1.0900316578079905e-02 -6.1290931170152319e-01 -3.9308933643856972e-02 -9.8124697477089606e-01 -1.8870395395631556e-01 3.7220446618137282e+00 1.8643829474316170e-02 1.8809680157509923e-01 -9.8197352350241618e-01 -1.5323767138762118e-01 0.0000000000000000e+00 0.0000000000000000e+00 0.0000000000000000e+00 1.0000000000000000e+00</transform>
      </camera>
      <camera id="48" label="out49.png" sensor_id="0" enabled="true">
        <transform>9.9772993238421182e-01 -6.7151808741944138e-02 5.0612851412805727e-03 -6.3717447655352066e-01 -6.4501901582130719e-02 -9.7454212284003761e-01 -2.1472576813862385e-01 4.5909920900610723e+00 1.9351659279894223e-02 2.1391186361003514e-01 -9.7666126568529199e-01 -3.1506649939724496e-01 0.0000000000000000e+00 0.0000000000000000e+00 0.0000000000000000e+00 1.0000000000000000e+00</transform>
      </camera>
      <camera id="49" label="out50.png" sensor_id="0" enabled="true">
        <transform>9.9765204339339475e-01 -6.6309553061595417e-02 1.7130192227614163e-02 -6.3111234426389118e-01 -6.0379419051496325e-02 -9.6964380075827317e-01 -2.3694983732016800e-01 5.4671300896008574e+00 3.2322222510021717e-02 2.3535917832925435e-01 -9.7137085148165259e-01 -5.0683237584780427e-01 0.0000000000000000e+00 0.0000000000000000e+00 0.0000000000000000e+00 1.0000000000000000e+00</transform>
      </camera>
      <camera id="50" label="out51.png" sensor_id="0" enabled="true">
        <transform>9.9843588705783992e-01 -4.6781177455698097e-02 -3.0615369847236382e-02 -6.3815692751008990e-01 -5.2707535792020727e-02 -9.7023352325001944e-01 -2.3636587324016733e-01 6.3143238543752220e+00 -1.8646584291967257e-02 2.3760983102075656e-01 -9.7118168902452551e-01 -7.3802751040638648e-01 0.0000000000000000e+00 0.0000000000000000e+00 0.0000000000000000e+00 1.0000000000000000e+00</transform>
      </camera>
      <camera id="51" label="out52.png" sensor_id="0" enabled="true">
        <transform>9.9981691854891319e-01 -1.8807532161020050e-02 3.5222318729961934e-03 -6.4439010518583562e-01 -1.7649063318809933e-02 -9.7755192579723238e-01 -2.0995414483665448e-01 7.1639340449575721e+00 7.3918838819066624e-03 2.0985354203380613e-01 -9.7770488949812562e-01 -9.5855021012713060e-01 0.0000000000000000e+00 0.0000000000000000e+00 0.0000000000000000e+00 1.0000000000000000e+00</transform>
      </camera>
      <camera id="52" label="out53.png" sensor_id="0" enabled="false"/>
      <camera id="53" label="out54.png" sensor_id="0" enabled="false"/>
      <camera id="54" label="out55.png" sensor_id="0" enabled="false"/>
    </cameras>
    <reference>LOCAL_CS["Local Coordinates (m)",LOCAL_DATUM["Local Datum",0],UNIT["metre",1,AUTHORITY["EPSG","9001"]]]</reference>
    <region>
      <center>4.1582144075268079e-01 3.2782422463818950e+00 -2.5257440892447263e+00</center>
      <size>1.3632226487000782e+01 1.2401631708939870e+01 2.3361129005750021e+00</size>
      <R>-6.7010725660995341e-01 -7.0460073166106285e-01 -2.3343965725938035e-01 6.2588199838841585e-01 -7.0543811752003394e-01 3.3260905947239927e-01 -3.9903381903292967e-01 7.6778065178058463e-02 9.1371611563740585e-01</R>
    </region>
    <settings>
      <property name="accuracy_tiepoints" value="1"/>
      <property name="accuracy_cameras" value="10"/>
      <property name="accuracy_cameras_ypr" value="2"/>
      <property name="accuracy_markers" value="0.0050000000000000001"/>
      <property name="accuracy_scalebars" value="0.001"/>
      <property name="accuracy_projections" value="0.10000000000000001"/>
    </settings>
  </chunk>
</document>
